       9
      10
      12
       5
      10
      12
      15
      12
      16
       9
      10
      15
      17
      20
      17
      15
      10
      17
      12
      12
       4
      19
      23
      17
      21
      27
      31
      23
      27
      15
      11
      15
       7
      11
      12
      16
      14
      18
      10
      14
      17
      21
      13
      17
      22
      18
      14
      18
      23
      22
      19
      18
      14
       9
      11
      13
      19
       7
      17
      15
      15
      16
      17
      19
      16
      14
      11
      14
      18
      14
      23
      16
      24
      16
      13
      10
      14
      18
      14
      11
       8
      12
      14
      15
      18
      15
      12
      18
       9
      20
      12
      15
       9
      11
       9
      23
      23
      23
      23
      17
      12
      25
      21
      16
      21
      18
      17
      14
      21
      18
      17
      14
      20
      16
      12
       9
       7
      15
      13
      15
      11
      29
      26
      12
      15
      15
      18
      18
      18
      30
      21
      20
      20
       7
       9
      14
      10
      21
      17
      19
      17
      10
      22
      15
      21
      18
      22
      19
      16
      13
      15
      12
      16
      17
       8
       8
      11
       9
      10
      17
      13
      19
      22
      14
      17
      33
      29
      31
      31
      35
      29
      22
      30
      24
      30
      33
      34
      33
      39
      32
      30
      30
      38
      31
      22
      30
      12
      22
      14
      15
      11
       9
      15
      10
      11
      15
      13
      10
       9
      15
       9
      18
       7
      13
      19
      11
       9
      11
      11
      13
      13
      18
      10
      16
      11
      12
       9
      12
      10
      19
      12
       3
      11
       7
      18
      14
      15
      11
      14
      10
      25
      21
      21
      17
      26
      22
      17
      13
      21
      17
      14
      10
      14
      15
      11
      18
      14
      24
      20
      23
      19
      12
       8
      21
      17
      20
      16
      13
       9
      16
      12
      31
      27
      22
      18
      12
       8
      15
      11
      17
      26
      22
      12
       8
      21
      17
      13
       9
      20
      16
      20
      16
      13
       9
      15
      11
      18
      14
      21
      17
      11
       7
      13
      17
      20
       9
      17
      16
       6
      11
      14
      17
      10
      16
       9
      15
      13
      19
      12
      15
      13
      14
      23
      13
      13
      14
       8
      10
      10
      12
       9
      13
      10
       9
      18
      19
      12
      12
      13
      10
      14
      13
      18
      16
      15
      10
      17
      18
      11
      16
      11
      12
      14
      13
      10
      12
      23
      20
      17
      18
      22
      20
      20
      20
      12
      18
      19
      12
      13
       9
      15
      12
      13
      17
      17
      18
      11
      10
      16
      11
      22
      12
      11
       5
      10
      10
      12
      13
      10
       9
      12
      14
      14
      13
      10
      12
      11
      19
      21
      21
      14
      15
      11
      10
      10
      12
      12
      20
      20
      24
      24
       6
       6
       8
       8
      10
      12
      12
      11
      12
      10
      11
      11
      11
       9
      13
      18
      12
      13
      18
      35
      24
      18
       7
      12
       9
       9
      21
      19
      22
      25
      33
      25
      30
      30
       9
      17
      18
      22
      13
      23
       5
      10
      12
      11
      17
      17
      17
      17
      17
      17
      17
      17
       8
      16
      12
      24
      21
       7
      25
      20
      16
      15
      21
      16
      12
      27
      23
      12
      22
      17
       6
      21
      16
      10
      10
      10
      17
       4
      10
      14
       7
      26
      15
      12
       9
      12
      15
      12
      19
      17
      13
      10
      16
      13
      17
      14
      14
       9
      14
      10
      12
      11
      13
      10
      12
      11
      13
      13
      13
      10
      10
      25
      11
       9
      10
      11
      12
      13
      16
      13
      26
      15
      13
      11
       9
      10
      12
      16
      18
      18
      10
       5
      10
      13
      13
      13
      13
      13
      13
      13
      13
      10
      10
      13
      13
      10
      10
      13
      13
      13
      13
      13
      13
      13
      13
      13
      13
      10
      10
      13
      13
      13
      13
      13
      13
      13
      13
      13
      13
      13
      13
      13
      13
      13
      13
      13
      13
       7
       8
      11
      17
      17
      17
      17
      14
      21
      19
       4
       3
      10
      10
       3
      18
      14
      14
      10
      10
      25
      25
      23
      11
      23
      26
      14
      14
      14
       8
      20
       3
      20
       9
      11
      17
      17
      17
      11
      14
      23
      23
      23
      23
      23
      23
      23
      23
      23
      23
      23
      23
      23
      23
      23
      23
      20
      20
      23
      23
      26
      23
      23
      24
      23
      23
      23
      23
      23
      23
      23
      23
      23
      23
      23
      23
      18
      18
      18
      13
       7
      10
       8
       8
      12
      13
      13
      12
      12
      16
      11
      16
      15
      16
      17
      21
      21
      14
      11
      16
      17
      17
      17
      16
      21
       7
      16
      17
      12
      11
      10
       8
      12
      10
      10
       9
      11
      15
      11
      12
      11
      10
      13
       8
      12
      11
      13
       7
       9
      13
      18
      21
      20
      18
      18
      17
      17
      18
      19
      19
      12
      21
      17
      11
      14
      11
      10
       7
      40
      36
      35
      31
      27
      23
      22
      18
      28
      24
      23
      19
       8
      25
      15
      20
      10
      23
      13
      24
      14
      20
      10
      22
      12
      20
      10
      21
      11
      11
      14
       4
       7
      20
      12
       9
      10
      20
      20
      18
      17
      18
      12
      10
       3
       9
      12
      10
       6
       6
      17
      12
       9
      11
       8
      15
      11
      15
      13
      19
      17
      12
      11
      10
       8
      10
       8
      12
      15
      11
      13
      13
      21
      17
      11
      14
      11
       7
       8
      22
      12
      29
      19
      22
      12
      19
       9
      26
      16
      22
      12
      19
       9
      21
      11
      14
      10
      10
       6
       6
      14
      12
      20
      14
      16
       9
      19
       9
       8
      15
      11
      19
      12
      11
      10
       8
      12
      12
      14
      12
      20
      22
      13
      10
      14
      17
      22
      13
      15
      15
      14
      15
      17
      17
      20
      15
      20
      15
      17
      23
      27
      25
      31
      31
      31
      31
      20
      19
      29
      19
      20
      27
      13
      26
      21
      20
      21
      12
      11
       9
       4
      18
      22
      14
      18
      11
      15
      21
      25
      15
      19
      22
      20
      20
      15
      23
      14
      13
      13
      23
      14
       9
      15
      14
      25
      24
      21
       9
       7
      24
      21
      23
      10
       8
      12
      10
       9
      12
      13
      16
      12
      16
       9
      10
      15
      22
       8
       8
      15
      17
      18
      14
      13
      13
      14
      17
      14
      13
      13
      17
      17
      18
      14
      17
      18
      13
      15
      19
      17
      14
      17
      11
       4
      16
      12
      17
      12
      16
       8
       3
      17
      13
      16
      12
      19
      15
      21
      17
       5
      12
      11
      17
      16
      22
      18
      24
      20
      25
      21
      19
      15
      14
      18
      18
      18
      28
      24
       6
      10
      17
      20
      16
       7
      20
      16
      19
      15
      22
      18
      10
      16
      19
      27
      28
      24
      25
      15
      11
       3
      28
      29
      27
      27
      27
      30
      27
      27
      32
      30
      28
      28
      28
      31
      27
      30
      24
      22
      28
      24
      27
      27
      23
      26
      29
      27
      28
      24
      26
      22
      24
      13
       9
       9
      14
      16
      12
      12
      18
      19
      18
      18
      12
      24
      25
      19
      15
      13
      17
      13
      14
      11
      12
      12
      11
      12
      17
      10
       9
      12
      20
      13
      10
      16
      12
      12
       8
      21
      19
      19
      23
      17
      13
      14
       9
      21
      16
      13
      13
      12
       8
       6
      15
      13
      12
      19
       8
      15
      17
      21
      11
      17
      21
      15
      13
      17
      21
       6
      12
       4
      10
      11
      12
      12
      12
       9
      15
      13
      11
      13
       6
       4
      10
      17
      21
       3
       9
       9
      10
      16
       6
      17
      21
       3
      13
      13
      14
      14
      13
      14
       8
      17
      16
      11
      16
      17
       6
       9
      11
      11
       4
      12
      17
      21
       4
      10
       9
      12
       8
       9
      17
      21
      10
      17
      21
       4
      10
      10
      10
       9
      10
      10
      10
      17
      21
       3
      13
       9
      16
      12
      12
       4
      14
      15
      17
      21
       4
      11
      10
       3
      17
      13
      13
       4
      18
      17
      21
      10
      17
      21
       4
      11
       9
       6
       7
      17
      21
       7
       9
      10
      11
      12
      17
      19
      23
      10
       4
      16
      10
      13
      10
      11
      14
      14
      14
      14
      10
      10
      17
       3
       9
      10
      11
      16
       9
       8
      17
       9
      14
       6
       8
      12
      11
       4
      12
      10
      15
      15
      13
       9
       7
      13
      12
      11
       7
       5
      12
      11
       4
      14
      20
      21
       7
      13
      14
       9
      12
      11
       4
      13
      12
      13
      13
       9
       7
      18
      12
      18
       6
      20
      14
      10
      12
      16
      17
      15
      15
      11
      24
      20
      25
      21
      16
      12
      18
      14
      14
      10
       9
       9
      18
       9
      11
      10
       9
      13
      25
      23
      18
      13
      17
      12
      16
      22
      13
      11
      25
      14
      11
       5
      10
       7
       7
      12
      17
      18
      28
       9
      10
      27
      17
      12
      18
       8
      18
      15
      13
      20
      13
       5
       5
       7
      11
      10
      11
      10
       9
      11
      13
       9
      13
      19
      13
      11
      11
      12
      10
      11
       9
       9
      12
      12
      16
      10
      12
      18
      12
      13
      12
      16
      14
      17
      11
      14
      13
      11
      14
      14
      14
      14
      15
      23
      23
       8
      18
      27
      15
      24
      24
       7
      10
       4
       9
      11
       9
      11
      11
       4
      10
      10
      13
       7
      16
      10
      14
      19
      24
      17
      17
      17
      20
      13
      13
      15
      11
      13
      14
      15
      17
      14
      16
      14
      16
       9
      15
      16
      10
      10
      10
      10
      10
      15
      10
      10
       8
      15
      17
       8
      10
      10
      16
      12
      24
      26
      26
      26
      14
       8
      10
      11
      13
      10
      12
      14
      12
       9
      11
      12
      14
      15
      11
      13
      13
      16
      15
      15
       3
      10
      10
      13
       4
       5
      42
      33
      32
      33
      33
      33
      45
      34
      40
      40
      45
      64
      39
      27
      33
      80
      88
      31
      33
     141
      38
      38
      92
      46
      82
      49
      64
      43
      46
      61
      85
      11
      42
      33
      32
      33
      33
      33
      45
     106
     184
     184
      45
      39
      27
      33
      31
      33
      38
      38
     228
     214
      43
      46
       6
      15
       4
      40
      40
     179
      40
      40
      26
      28
      33
      33
      41
      17
      26
      14
      23
       9
      12
       4
       5
      11
       6
       6
      17
      17
      17
      17
      17
      17
      29
      11
      13
      13
      10
      10
      10
       7
      14
      11
      16
      11
      15
      15
      16
      16
      20
      10
      15
      13
      18
       4
      12
      18
      16
      28
      24
      21
      14
      16
      20
      21
      13
      18
      19
      23
      20
       9
      11
      11
       5
       9
      14
      17
      11
      12
      16
      18
      21
      14
      15
      14
      10
      12
      19
      14
      17
      38
      34
      31
      40
      14
      28
      24
      21
      30
      10
       9
      18
      15
       7
       4
       9
      11
       9
      11
      11
       4
      12
      10
      13
       7
      16
      10
      14
      19
      24
      17
      17
      17
      20
      13
      13
       9
      15
      11
      16
      20
      13
      14
      15
      17
      14
      16
      14
      16
      18
      18
      25
       9
      13
      15
      16
      10
      10
      10
      10
      10
      15
      10
       8
      10
       8
      15
      17
       8
      10
      10
      16
      12
      24
      26
      26
      26
      14
       8
      10
      11
      13
      10
      12
      14
      12
       9
      11
      12
      14
      15
      11
      13
      14
       9
      15
      13
       9
       8
      10
      13
       9
      15
      15
      21
      12
       9
      14
      11
      11
      11
      13
      11
      10
       8
      10
      16
      16
      10
      17
      17
       9
       9
       9
       9
      10
      12
      16
      22
       8
      11
      13
      16
      15
      15
      17
       3
      10
      16
      10
       9
      11
      19
      23
      13
      16
      13
      17
       4
       5
      36
      34
      62
      33
      44
      32
     120
      58
      40
      36
      48
      30
      32
      38
      60
      34
      36
      34
      34
      34
     112
      54
      48
      39
      30
      43
      32
      61
      29
      36
      43
      37
      44
      66
      58
      51
      41
      61
      47
      29
      55
      40
      43
      11
      36
      34
      33
      44
      32
     171
      36
      48
      30
      32
      38
      34
      36
      34
      34
      34
      54
      48
      39
      30
      43
      32
      61
      29
      36
      43
     183
      44
     123
      41
      61
      47
      29
     184
      43
       4
      31
      31
      22
     166
      32
      43
      43
      43
      27
      27
      33
      33
      33
      29
      49
      38
      38
      31
      24
     118
      36
      36
      42
      42
      45
      56
      42
      42
      42
      42
      14
      50
      43
      13
      17
      14
      11
       9
      12
      10
       6
       6
      17
      17
      17
      17
      17
      17
      29
      11
      13
      13
      10
      10
      10
       7
      14
      11
      11
      15
      15
      10
      37
      33
      30
      39
      14
      15
      13
      19
      23
      27
      31
       4
      27
      19
      14
      13
      13
      12
      12
      12
      27
      23
      20
      29
      20
      11
      28
      24
      21
      16
      30
      20
      21
      13
      20
      24
      15
      19
       9
      11
      11
      16
      16
       5
       9
      14
      17
      11
      12
      18
      21
      14
      15
      19
      18
      10
      12
      14
       7
       4
       9
      11
       9
      11
      11
       4
      10
      13
       7
      16
      10
      14
      19
      24
      17
      17
      17
      20
      13
      13
       9
      15
      11
      16
      20
      13
      14
      15
      17
      14
      16
      14
      16
      25
       9
      13
      15
      16
      10
      10
      10
      10
      10
      15
      10
       8
      10
       8
      15
      17
       8
      10
      10
      16
      12
      24
      26
      26
      26
      14
       8
      10
      11
      13
      10
      12
      14
      12
       9
      11
      12
      14
      15
      11
      13
      14
       9
      15
       9
       8
      10
       9
      15
      15
      21
      12
       9
      14
      11
      11
      10
       8
      10
      16
      16
      10
      17
      17
       9
       9
       9
       9
      10
      12
      16
      22
       8
      13
      16
      15
      15
       3
      10
      10
       9
      11
      19
      23
      13
      16
      13
      17
      11
      12
      11
      15
      15
      10
      19
      23
      27
      31
       4
      12
      12
      20
      21
      20
      24
      15
      19
       9
      11
      11
       5
       9
      11
      14
      10
      12
      19
      14
      17
      22
      26
      38
      42
      41
      34
      38
      31
      35
      40
      44
      37
      18
      22
      20
      29
      14
      18
      28
      33
      29
      31
      24
      29
      21
      26
      30
      35
      15
      19
      20
      20
      20
      20
       7
       4
       9
      11
       9
      13
      11
      11
      15
       4
      12
      16
      17
      10
      13
       7
      16
      10
      14
      19
      24
      16
      15
      17
      15
      17
      15
      17
      15
      17
      15
      17
      17
      17
      17
      20
      10
      13
      13
       9
      15
      11
      16
      20
      13
      14
      15
      17
      15
      14
      16
      14
      16
      20
      18
      18
      25
       9
      13
      13
      18
      11
       9
      18
      15
      16
       9
      10
      10
      10
      10
      10
      15
      10
       8
      10
       8
      15
      17
       9
      17
       8
      10
      10
      24
      10
      16
      12
      13
      11
      11
      24
      26
      26
      26
      14
      10
       8
      10
      23
      18
      11
      11
      11
      13
      12
      10
      11
       8
      10
      10
      12
      16
      21
      10
      16
      18
      17
       8
       9
       9
      15
      10
      27
      16
       9
      14
      10
      14
      12
       9
      11
      10
      12
      14
      15
      12
       8
      11
      13
      14
       9
      15
      13
       9
       8
      10
      13
       9
      15
      15
      21
      12
       9
      14
      11
      11
      11
      13
      11
      10
       8
      10
      16
      16
      10
      17
      17
       9
       9
       9
       9
      10
      12
      16
      22
       8
      11
      13
      16
      15
      15
      19
      17
       3
      14
      10
      16
      10
       9
      11
      19
      23
      13
      16
      13
      17
       4
      10
       5
      36
      34
      33
      44
      32
     171
      36
      48
      30
      32
      38
      34
      36
      34
      34
      34
      54
      48
      39
      30
      43
      32
      61
      29
      36
      43
     183
      44
     123
      41
      61
      47
      29
     184
      43
       4
      31
      31
      22
     166
      32
      43
      43
      43
      27
      27
      33
      33
      33
      29
      49
      38
      38
      31
      24
     118
      36
      36
      42
      42
      45
      56
      42
      42
      42
      42
      14
      50
      43
       8
      10
      11
     234
      37
      48
       5
      40
     133
      34
      73
      67
      59
     109
      42
      41
      32
     108
      51
      50
      46
      33
      91
      34
      67
      49
      43
      37
      32
      70
      53
      64
      94
      28
      43
      43
      40
     103
      83
      53
      70
      61
      73
      30
      37
      11
     220
      34
      59
      42
      41
      32
      51
     227
      33
      34
      32
      32
      43
      37
      32
      28
     168
     121
      30
     177
       4
      29
      29
      46
      46
     222
      28
      29
      29
      29
      28
      28
      28
      32
      27
     257
     257
     163
     163
     116
     116
     116
      14
      36
      62
      33
     109
      20
      36
      33
      13
      18
      22
      28
      31
      24
      17
      21
      30
      17
      21
      14
      19
      18
      11
      17
      15
      16
      17
      17
      17
      17
      17
      17
      17
      17
      17
      17
      16
      17
      17
      17
      17
      17
      17
      16
      16
      16
      16
      16
      16
      16
       9
      13
      14
      12
      10
      15
      19
       6
       6
      17
      17
      17
      17
      17
      17
      29
      11
      13
      13
      10
      10
      10
       7
      14
      11
      21
      15
      11
      15
      11
      15
      15
      14
      19
      19
      19
      19
      14
      15
      17
      17
      17
      17
      17
      17
      17
      17
      17
      17
      16
      17
      17
      17
      17
      17
      17
      17
      17
      17
      17
      16
      17
      17
      17
      17
      17
      17
      17
      17
      17
      17
      16
      17
      17
      17
      17
      17
      17
      16
      16
      16
      16
      16
      20
      23
      10
      14
      28
      22
      24
      21
      23
      37
      41
      31
      40
      33
      37
      30
      34
      39
      43
      15
      19
      13
      17
      18
      19
      23
      27
      31
       4
      27
      19
      14
      13
      13
      12
      12
      17
      12
      17
      14
      21
      20
      24
      26
      26
      25
      25
      25
      25
      25
      25
      25
      25
      27
      32
      30
      23
      28
      27
      20
      25
      29
      34
      20
      24
      25
      25
      25
      25
      25
      25
      25
      25
      11
      15
      28
      33
      29
      29
      31
      24
      29
      21
      26
      16
      21
      30
      35
      20
      21
      24
      13
      20
      24
      15
      19
      20
       9
      17
      11
      19
      14
      14
      16
      18
      17
      17
      17
      17
      17
      17
      17
      17
      17
      16
      16
      16
      16
      16
      16
      11
      19
      16
      20
      15
      16
      23
       5
       8
      14
      19
      22
      21
      12
      16
      23
      19
       9
      25
      14
      17
      25
      29
      11
      17
      18
      34
      34
      21
      14
      30
      15
      19
      24
      28
      19
      10
      17
      31
      34
      27
      24
      33
      41
      37
      18
      20
      14
      28
      29
      31
      24
      21
      30
      38
       7
       4
       9
      11
       9
      13
      11
      11
      15
       4
      12
      16
      17
      10
      13
       7
      16
      10
      14
      19
      24
      16
      15
      17
      15
      17
      15
      17
      15
      17
      15
      17
      17
      17
      17
      20
      10
      13
      13
       9
      15
      11
      16
      20
      13
      14
      15
      17
      15
      14
      16
      14
      16
      20
      18
      18
      25
       9
      13
      13
      18
      11
       9
      18
      15
      16
       9
      10
      10
      10
      10
      10
      15
      10
       8
      10
       8
      15
      17
       9
      17
       8
      10
      10
      24
      10
      16
      12
      13
      11
      11
      24
      26
      26
      26
      14
      10
       8
      10
      23
      18
      11
      11
      11
      13
      12
      10
      11
       8
      10
      10
      12
      16
      21
      10
      16
      18
      17
       8
       9
       9
      15
      10
      27
      16
       9
      14
      10
      14
      12
       9
      11
      10
      12
      14
      15
      12
       8
      11
      13
      14
       9
      15
      13
       9
       8
      10
      13
       9
      15
      15
      21
      12
       9
      14
      11
      11
      11
      13
      11
      10
       8
      10
      16
      16
      10
      17
      17
       9
       9
       9
       9
      10
      12
      16
      22
       8
      11
      13
      16
      15
      15
      19
      17
       3
      14
      10
      16
      10
       9
      11
      19
      23
      13
      16
      22
       4
       5
      32
      32
      32
      32
       4
      27
      14
       6
       6
       6
       6
      26
      26
      26
      32
       8
       5
      32
      35
      38
      33
      41
      48
      42
      35
      31
      31
      31
      31
      35
      48
      48
      29
      42
     245
       4
      30
      43
      43
      43
      14
      48
      29
     245
      32
     227
     237
      13
      17
      17
      10
       6
       6
      17
      17
      17
      17
      17
      17
      29
      11
      13
      13
      10
      10
      10
       7
      14
      11
      21
      15
      11
      15
      11
      10
      15
      19
      28
      22
      24
      21
      23
      37
      41
      40
      33
      30
      39
      21
      34
      37
      30
      27
      36
      28
      29
      31
      24
      21
      16
      30
       9
      17
      11
      19
      14
      14
      16
      18
      17
      17
      17
      17
      17
      17
      17
      17
      17
      16
      16
      16
      16
      16
      16
      11
      19
      16
      20
      15
      16
      23
       5
       9
      14
      17
      21
      11
      12
      18
      21
      14
      15
      19
      25
      25
      14
      10
      12
      14
      17
      38
      41
      34
      31
      40
      20
      14
      28
      31
      28
      24
      28
      21
      30
      21
      15
       7
       4
       9
      11
       9
      11
      11
       4
      17
      13
      16
      10
      16
      15
      17
      15
      17
      15
      17
      15
      17
      15
      17
      10
      11
      16
      20
      13
      14
      17
      16
      16
      25
      15
      18
      11
      16
      18
      18
      16
       9
      10
      10
      15
       9
      17
      16
      15
      22
      21
      15
      25
      19
      14
      10
      14
      10
      17
      17
      18
      23
      22
      11
      11
      11
      12
      10
      14
      21
      12
      12
      15
      10
      16
      17
       9
       8
      16
       9
      10
      12
      13
      23
       8
      15
      16
      15
      15
      19
      17
       3
      14
      10
      16
      10
       9
      23
      13
       4
       5
      40
      40
      29
      40
      29
      40
      29
      40
      29
      29
      29
      29
      40
      29
      40
      29
      40
      40
      40
      40
      29
      29
      40
      29
      29
      29
      29
      29
      40
      29
      29
      29
      29
      29
      29
      40
      40
      40
      40
      40
      29
      40
      29
      40
      29
      29
      29
      40
      29
      29
      29
      29
      40
      29
      40
      29
      29
      29
      40
      29
      40
      29
      29
      29
      29
      29
      40
      29
      40
      40
      40
      29
      29
      29
      40
      40
      40
      29
      40
      29
      40
      29
      40
      40
      40
      40
      40
      40
      40
      29
      40
      29
      40
      40
      40
      40
      40
      40
      29
      40
      40
      29
      40
      29
      40
      29
      40
      29
      40
      40
      40
      40
      29
      40
      29
      40
      29
      29
      29
      29
      29
      29
      40
      29
      40
      29
      29
      40
      29
      40
      29
      40
      29
      40
      29
      40
      29
      40
      40
      29
      40
      29
      40
      29
      40
      29
      40
      29
      29
      40
      29
      40
      29
      40
      29
      40
      29
      29
      29
      40
      40
      40
      40
      40
      40
      40
      40
      40
      40
      40
      40
      40
      40
      40
      29
      29
      40
      40
      29
      40
      29
      29
      40
      40
      40
      29
      29
      40
      29
      40
      40
      40
      29
      40
      29
      29
      40
      40
      40
      29
      29
      29
      29
      40
      29
      40
      29
      29
      40
      29
      29
      29
      40
      40
      29
      29
      40
      40
      40
      40
      29
      40
      29
      40
      29
      40
      29
      40
      40
      29
      29
      40
      40
      29
      29
      40
      40
      40
      40
      40
      40
      40
      40
      29
      40
      29
      40
      29
      29
      40
      40
      40
      40
      40
      40
      29
      29
      29
      29
      40
      40
      40
      40
      40
      40
      29
      40
      40
      40
      40
      29
      40
      40
      29
      29
      40
      40
      29
      29
      29
      40
      40
      29
      29
      33
      40
      29
      29
      40
      40
      29
      40
      40
      40
      40
      40
      29
      40
      40
      29
      40
      29
      40
      29
      29
      40
      29
       5
      40
      35
      40
      46
      31
      69
      31
      59
      39
      47
      41
      47
      33
      41
      36
      47
      51
      33
      28
       4
      45
      48
      49
      38
      46
      47
      10
       4
      35
      24
      35
      35
      24
      24
      35
      35
      35
      35
      35
      35
      35
      35
      35
      35
      35
      35
      35
      35
      35
      35
      35
      35
      35
      35
      35
      35
      35
      35
      35
      35
      35
      35
      35
      35
      35
      35
      35
      35
      35
      35
      35
      35
      35
      35
      35
      35
      35
      35
      35
      35
      35
      35
      35
      35
      35
      35
      35
      35
      35
      35
      35
      35
      35
      35
      35
      24
      35
      24
      35
      35
      35
      35
      35
      35
      35
      35
      35
      35
      35
      35
      35
      35
      35
      35
      35
      35
      35
      35
      35
      35
      35
      35
      35
      35
      35
      35
      35
      35
      35
      35
      35
      35
      35
      35
      35
      35
      35
      35
      35
      35
      35
      35
      35
      35
      35
      35
      35
      35
      35
      35
      35
      35
      35
      35
      35
      35
      35
      35
      35
      35
      24
      35
      24
      35
      24
      35
      35
      35
      35
      35
      24
      35
      24
      35
      35
      35
      35
      35
      35
      35
      35
      24
      24
      24
      24
      24
      24
      24
      35
      35
      35
      35
      35
      35
      35
      35
      35
      35
      35
      24
      24
      24
      24
      35
      35
      35
      35
      35
      35
      24
      24
      35
      24
      35
      35
      35
      24
      35
      35
      35
      35
      35
      35
      35
      35
      35
      35
      35
      35
      24
      24
      24
      35
      35
      35
      35
      35
      35
      35
      35
      35
      35
      35
      35
      35
      35
      35
      35
      35
      35
      35
      24
      35
      35
      35
      35
      24
      35
      24
      35
      35
      35
      35
      35
      35
      35
      35
      35
      35
      35
      35
      35
      35
      35
      35
      35
      35
      35
      35
      35
      35
      35
      35
      35
      35
      35
      35
      35
      35
      35
      35
      35
      35
      35
      35
      35
      35
      35
      35
      35
      35
      35
      35
      35
      35
      35
      35
      35
      35
      35
      35
      35
      35
      35
      35
      35
      35
      35
      35
      35
      35
      35
      35
      35
      35
      35
      35
      35
      35
      35
      35
      35
      35
      35
      35
      35
      35
      35
      35
      35
      35
      24
      35
      35
      35
      35
      35
      35
      35
      35
      35
      64
      35
      35
      35
      35
      35
      35
      35
      35
      32
      35
      35
      29
      35
      35
      33
      35
      35
      41
      35
      35
      35
      35
      40
      35
      35
      35
      35
      35
      35
      35
      35
      35
      40
      35
      35
      42
      35
      35
      35
      35
      35
      35
      35
      35
      35
      35
      35
      35
      35
      35
      35
      35
      35
      35
      35
      35
      35
      35
      35
      35
      35
      35
      24
      35
      35
      35
      35
      35
      35
      35
      35
      24
      35
      35
      35
      35
      35
      35
      35
      35
      35
      35
      35
      35
      35
      35
      24
      35
      24
      35
      35
      35
      35
      35
      35
      35
      24
      24
      35
      35
      35
      35
      35
      35
      35
      35
      35
      35
      35
      35
      35
      35
      35
      28
      35
      28
      35
      36
      35
      35
      35
      36
      35
      36
      35
      35
      35
      35
      35
      35
      35
      35
      35
      35
      35
      35
      35
      35
      35
      35
      35
      35
      35
      35
      35
      35
      35
      35
      28
      35
      28
      35
      28
      35
      28
      35
      35
      35
      35
      35
      35
      35
      35
      35
      35
      35
      35
      35
      35
      35
      35
      24
      35
      35
      35
      35
      35
      35
      35
      24
      35
      35
      35
      35
      35
      35
      35
      24
      24
      35
      35
      35
      35
      35
      35
      35
      35
      24
      24
      24
      35
      46
      35
      35
      31
      35
      36
      35
      35
      35
      35
      35
      35
      35
      24
      35
      24
      35
      24
      35
      35
      31
      35
      35
      31
      35
      35
      35
      31
      35
      35
      35
      35
      31
      24
      24
      35
      35
      35
      35
      24
      35
      35
      35
      35
      35
      35
      35
      35
      35
      35
      35
      35
      35
      35
      24
      35
      35
      35
      24
      35
      42
      24
      24
      35
      35
      35
      24
      35
      35
      35
      35
      35
      35
      35
      35
      35
      35
      35
      35
      35
      35
      24
      35
      35
      35
      35
      35
      35
      35
      35
      35
      35
      35
      35
      35
      35
      35
      35
      35
      35
      35
      35
      35
      35
      35
      35
      35
      35
      35
      35
      35
      24
      24
      35
      35
      35
      35
      35
      35
      35
      35
      35
      35
      35
      35
      24
      35
      35
      35
      35
      35
      35
      35
      35
      35
      35
      35
      35
      35
      35
      35
      35
      35
      35
      35
      35
      35
      35
      35
      35
      35
      35
      35
      35
      14
      36
      49
      13
      28
      31
      24
      17
      21
      30
      17
      14
      11
      16
      18
      18
      18
      18
      18
      18
      18
      18
      18
      18
      17
      18
      17
      17
      17
      17
      17
      17
      17
       9
      12
      10
       6
       6
      17
      17
      17
      17
      17
      17
      29
      20
      20
      11
      13
      13
      10
      10
      10
       7
      14
      11
      21
      15
      11
      15
      15
      21
      11
      18
      18
      18
      18
      18
      18
      18
      18
      18
      18
      17
      18
      18
      18
      18
      18
      18
      18
      18
      18
      18
      17
      18
      18
      18
      18
      18
      18
      18
      18
      18
      18
      17
      18
      18
      18
      18
      18
      18
      18
      18
      17
      17
      17
      17
      17
      10
      37
      31
      40
      33
      27
      30
      30
      24
      39
      33
      15
       4
      17
      38
      41
      34
      31
      40
      20
      28
      31
      24
      21
      30
      13
      28
      31
      24
      21
      30
      10
      19
      20
      13
      19
      27
       4
      12
      12
      20
      21
      20
      25
      26
      26
      26
      27
      30
      23
      20
      29
      20
      25
      26
      26
      26
      26
      26
      26
      26
      11
      28
      29
      31
      24
      25
      21
      22
      16
      30
      31
      20
      20
      15
       9
      11
      11
      16
      17
      15
       5
       9
      14
      17
      11
      13
      17
      21
      18
      21
      14
      15
      19
       7
       4
       9
      11
       9
      11
      11
       4
      10
      13
       7
      16
      10
      14
      17
      20
      13
      13
      15
      11
      13
      14
      15
      17
      14
      16
      14
      16
       9
      13
      15
      16
      10
      10
      10
      10
      10
      27
      15
      10
      10
       8
      15
      17
       8
      10
      10
      16
      12
      24
      26
      26
      26
      14
       8
      10
      11
      13
      10
      12
      16
      14
      12
       9
      11
      12
      14
      15
      12
      11
      13
      13
      16
      15
      15
       3
      10
      10
       4
       5
      10
      14
      29
      30
      29
      29
      29
      31
      31
      38
      11
       7
      11
      11
      22
      24
      14
      18
      16
      10
      13
